0.0166225 -0.0337367 0.999293 -262.783 0.023365 -0.999145 -0.0341203 28.3445 0.999589 0.0239157 -0.01582 -383.231 0 0 0 1
-0.00705684 7.00068e-05 0.999975 -67.2937 -0.0012742 -0.999999 6.10164e-05 71.3651 0.999974 -0.00127374 0.00705692 -521.014 0 0 0 1
0.0188292 -0.0286598 0.999412 -262.944 0.0263677 -0.999227 -0.0291513 28.4109 0.999475 0.0269011 -0.0180589 -383.038 0 0 0 1
-0.00717283 3.42128e-05 0.999974 -67.2899 -0.00117329 -0.999999 2.57976e-05 71.3707 0.999974 -0.00117308 0.00717286 -521.016 0 0 0 1
0.0183343 -0.0255793 0.999505 -262.787 0.0259393 -0.999324 -0.0260505 28.425 0.999495 0.026404 -0.0176584 -383.192 0 0 0 1
-0.00718558 -2.08846e-05 0.999974 -67.2901 -0.00132846 -0.999999 -3.04312e-05 71.3707 0.999973 -0.00132864 0.00718555 -521.015 0 0 0 1
0.0120795 -0.0214806 0.999696 -262.722 0.0263807 -0.999414 -0.0217933 28.4514 0.999579 0.0266359 -0.0115057 -383.457 0 0 0 1
-0.00700169 5.48839e-05 0.999975 -67.288 -0.00138615 -0.999999 4.51795e-05 71.3682 0.999975 -0.0013858 0.00700176 -521.021 0 0 0 1
0.0164256 -0.0158693 0.999739 -262.435 0.0271883 -0.999497 -0.0163122 28.4825 0.999495 0.0274492 -0.0159859 -383.194 0 0 0 1
-0.00707946 8.58043e-05 0.999975 -67.2947 -0.00125363 -0.999999 7.69311e-05 71.3616 0.999974 -0.00125306 0.00707956 -521.015 0 0 0 1
0.0128383 -0.00915791 0.999876 -262.182 0.0260455 -0.999616 -0.00948995 28.4742 0.999578 0.0261641 -0.0125948 -383.443 0 0 0 1
-0.00717282 3.37134e-05 0.999974 -67.3091 -0.00152301 -0.999999 2.27897e-05 71.3599 0.999973 -0.00152281 0.00717286 -521.005 0 0 0 1
0.00961286 -0.00579714 0.999937 -262.086 0.0252849 -0.999662 -0.00603862 28.5801 0.999634 0.0253414 -0.00946303 -383.491 0 0 0 1
-0.00710487 0.000148693 0.999975 -67.2993 -0.00126275 -0.999999 0.000139725 71.3597 0.999974 -0.00126172 0.00710506 -521.006 0 0 0 1
0.0156051 0.000572284 0.999878 -262.008 0.0247443 -0.999694 0.000185993 28.5122 0.999572 0.0247384 -0.0156145 -383.242 0 0 0 1
-0.00712757 3.87786e-05 0.999975 -67.2925 -0.0014413 -0.999999 2.85064e-05 71.3667 0.999974 -0.00144106 0.00712761 -521.016 0 0 0 1
0.00958534 0.00504017 0.999941 -262.199 0.0244585 -0.999689 0.00480445 28.561 0.999655 0.024411 -0.00970564 -383.208 0 0 0 1
-0.00709644 6.3009e-05 0.999975 -67.2876 -0.00136064 -0.999999 5.33546e-05 71.379 0.999974 -0.00136022 0.00709652 -521.022 0 0 0 1
0.0103073 0.0124603 0.999869 -261.81 0.0234134 -0.999651 0.0122163 28.5418 0.999673 0.0232844 -0.0105955 -383.265 0 0 0 1
-0.00703135 0.000131286 0.999975 -67.2946 -0.00118946 -0.999999 0.000122926 71.3677 0.999975 -0.00118856 0.0070315 -521.012 0 0 0 1
0.00765307 0.0189108 0.999792 -261.488 0.022432 -0.999573 0.018735 28.5679 0.999719 0.022284 -0.00807401 -383.401 0 0 0 1
-0.00713886 6.84994e-05 0.999975 -67.2997 -0.00141887 -0.999999 5.83717e-05 71.3649 0.999974 -0.00141842 0.00713895 -521.012 0 0 0 1
0.00334943 0.0241695 0.999702 -261.338 0.0206975 -0.999495 0.0240951 28.6452 0.99978 0.0206106 -0.00384799 -383.52 0 0 0 1
-0.0072181 -4.39824e-07 0.999974 -67.2972 -0.00128405 -0.999999 -9.7085e-06 71.3694 0.999973 -0.00128409 0.00721809 -521.021 0 0 0 1
0.00254732 0.0311958 0.99951 -260.75 0.0182266 -0.999349 0.0311443 28.5935 0.999831 0.0181383 -0.00311426 -383.911 0 0 0 1
-0.00716293 2.00427e-05 0.999974 -67.2931 -0.00129655 -0.999999 1.07558e-05 71.3672 0.999974 -0.00129644 0.00716295 -521.018 0 0 0 1
0.00719193 0.0343939 0.999382 -260.819 0.0205972 -0.999201 0.0342395 28.6198 0.999762 0.0203382 -0.00789461 -383.267 0 0 0 1
-0.0072874 -5.89955e-06 0.999973 -67.2943 -0.00136511 -0.999999 -1.58481e-05 71.3693 0.999973 -0.00136519 0.00728739 -521.011 0 0 0 1
-0.0115672 0.0663479 0.99773 -260.817 0.0213593 -0.997552 0.0665837 28.7159 0.999705 0.022081 0.0101217 -382.906 0 0 0 1
-0.00728033 -1.43568e-05 0.999973 -67.2888 -0.00141215 -0.999999 -2.46384e-05 71.376 0.999973 -0.00141229 0.00728031 -521.025 0 0 0 1
-0.0124756 0.10504 0.99439 -259.37 0.019736 -0.994247 0.105273 28.8183 0.999727 0.0209386 0.0103307 -382.824 0 0 0 1
-0.00707657 0.000160208 0.999975 -67.2901 -0.00137046 -0.999999 0.000150513 71.37 0.999974 -0.00136936 0.00707679 -521.02 0 0 0 1
-0.00306266 0.043003 0.99907 -261.075 0.0205819 -0.998861 0.0430571 28.5961 0.999783 0.0206947 0.00217409 -383.231 0 0 0 1
-0.00703136 0.000107461 0.999975 -67.2925 -0.00138597 -0.999999 9.77178e-05 71.3624 0.999974 -0.00138525 0.0070315 -521.014 0 0 0 1
-0.00219058 0.0477689 0.998856 -260.752 0.0202701 -0.998651 0.0478036 28.5657 0.999792 0.0203516 0.00121935 -383.262 0 0 0 1
-0.00708512 8.81335e-05 0.999975 -67.2934 -0.0011221 -0.999999 8.01852e-05 71.3668 0.999974 -0.0011215 0.00708521 -521.024 0 0 0 1
-0.00549272 0.0515836 0.998654 -260.549 0.0198666 -0.998466 0.0516831 28.5639 0.999788 0.0201238 0.0044595 -383.397 0 0 0 1
-0.00717852 -1.89422e-05 0.999974 -67.2846 -0.00148915 -0.999999 -2.96329e-05 71.37 0.999973 -0.00148933 0.00717848 -521.019 0 0 0 1
-0.00721519 0.0550301 0.998459 -260.4 0.0184327 -0.998308 0.055155 28.5546 0.999804 0.0188023 0.00618863 -383.405 0 0 0 1
-0.00695077 8.98039e-05 0.999976 -67.2912 -0.00112394 -0.999999 8.19936e-05 71.3687 0.999975 -0.00112334 0.00695086 -521.02 0 0 0 1
-0.00653895 0.0579969 0.998295 -260.371 0.0191372 -0.998127 0.0581125 28.5668 0.999795 0.0194845 0.00541681 -383.214 0 0 0 1
-0.00724645 -8.96898e-05 0.999974 -67.2851 -0.00140608 -0.999999 -9.98814e-05 71.3743 0.999973 -0.00140677 0.00724631 -521.023 0 0 0 1
-0.00781164 0.0611643 0.998097 -260.35 0.0188046 -0.997942 0.0613019 28.669 0.999793 0.0192477 0.0066454 -383.092 0 0 0 1
-0.00714741 -2.90264e-05 0.999974 -67.2978 -0.00133665 -0.999999 -3.8581e-05 71.3714 0.999974 -0.00133689 0.00714737 -521.015 0 0 0 1
-0.00881988 0.0634773 0.997944 -260.724 0.020092 -0.99777 0.0636438 28.6526 0.999759 0.020612 0.00752483 -382.955 0 0 0 1
-0.00697197 0.000109856 0.999976 -67.291 -0.00122763 -0.999999 0.000101299 71.3736 0.999975 -0.00122689 0.0069721 -521.016 0 0 0 1
-0.0109016 0.0647388 0.997843 -260.815 0.0209233 -0.997669 0.0649561 28.7004 0.999722 0.0215863 0.00952162 -382.918 0 0 0 1
-0.00697335 0.000129908 0.999976 -67.2966 -0.00139738 -0.999999 0.000120166 71.3668 0.999975 -0.00139651 0.00697353 -521.013 0 0 0 1
-0.0111417 0.0683326 0.9976 -260.74 0.0220626 -0.997403 0.0685655 28.6919 0.999695 0.0227736 0.00960518 -382.803 0 0 0 1
-0.00710074 -3.28026e-05 0.999975 -67.2965 -0.00131905 -0.999999 -4.21699e-05 71.3661 0.999974 -0.00131932 0.00710069 -521.018 0 0 0 1
-0.00973799 0.0727771 0.997301 -260.393 0.0216267 -0.997099 0.0729736 28.6602 0.999719 0.0222789 0.00813582 -382.772 0 0 0 1
-0.00705974 -2.7492e-05 0.999975 -67.2968 -0.00156362 -0.999999 -3.85316e-05 71.3674 0.999974 -0.00156385 0.00705968 -521.01 0 0 0 1
-0.0139254 0.0807393 0.996638 -259.892 0.0192987 -0.996527 0.0809999 28.7032 0.999717 0.0203618 0.0123188 -383.145 0 0 0 1
-0.00715872 -2.41203e-05 0.999974 -67.2846 -0.000966817 -1 -3.10422e-05 71.3759 0.999974 -0.000967015 0.00715869 -521.03 0 0 0 1
-0.0159202 0.0858211 0.996183 -259.636 0.0179995 -0.996124 0.0861036 28.6569 0.999711 0.0193016 0.0143138 -383.366 0 0 0 1
-0.00718982 -4.78407e-06 0.999974 -67.2982 -0.00137529 -0.999999 -1.46725e-05 71.3664 0.999973 -0.00137536 0.00718981 -521.015 0 0 0 1
-0.00721625 0.0942847 0.995519 -259.033 0.0176124 -0.995379 0.0943991 28.6518 0.999819 0.0182147 0.00552232 -383.171 0 0 0 1
-0.00722098 -8.15297e-05 0.999974 -67.2894 -0.00122468 -0.999999 -9.03753e-05 71.3784 0.999973 -0.0012253 0.00722087 -521.025 0 0 0 1
-0.0120649 0.0944574 0.995456 -259.664 0.0193609 -0.99532 0.0946791 28.7929 0.99974 0.0204152 0.0101797 -382.848 0 0 0 1
-0.00711765 6.43724e-05 0.999975 -67.2992 -0.00129623 -0.999999 5.51476e-05 71.3647 0.999974 -0.0012958 0.00711773 -521.015 0 0 0 1
-0.0153598 0.0965914 0.995206 -259.899 0.0198569 -0.995097 0.0968874 28.8536 0.999685 0.0212499 0.0133665 -382.885 0 0 0 1
-0.00698186 0.000114735 0.999976 -67.2986 -0.00114607 -0.999999 0.000106735 71.3666 0.999975 -0.0011453 0.00698199 -521.02 0 0 0 1
-0.00891992 0.101756 0.994769 -259.547 0.0198431 -0.994595 0.101916 28.8255 0.999763 0.0206484 0.00685254 -382.697 0 0 0 1
-0.00704128 7.21194e-05 0.999975 -67.294 -0.00122355 -0.999999 6.35056e-05 71.3683 0.999974 -0.00122308 0.00704136 -521.019 0 0 0 1
-0.0123716 0.104418 0.994457 -259.413 0.0196312 -0.994316 0.104647 28.8238 0.999731 0.020817 0.0102515 -382.852 0 0 0 1
-0.00707948 4.44467e-05 0.999975 -67.2942 -0.00125613 -0.999999 3.55548e-05 71.3692 0.999974 -0.00125585 0.00707953 -521.019 0 0 0 1
-0.0147649 0.105563 0.994303 -259.339 0.0191418 -0.994199 0.105836 28.856 0.999708 0.0205954 0.0126586 -382.885 0 0 0 1
-0.00708794 7.88975e-05 0.999975 -67.2931 -0.00142375 -0.999999 6.88077e-05 71.3712 0.999974 -0.00142323 0.00708805 -521.021 0 0 0 1
-0.0133664 0.115921 0.993169 -258.886 0.0204865 -0.993017 0.116179 28.8868 0.999701 0.0218994 0.0108982 -382.534 0 0 0 1
-0.00704127 7.88903e-05 0.999975 -67.2954 -0.00132109 -0.999999 6.95898e-05 71.365 0.999974 -0.00132057 0.00704137 -521.015 0 0 0 1
-0.014796 0.16092 0.986857 -258.027 0.0199315 -0.986721 0.161197 29.1079 0.999692 0.0220546 0.0113921 -381.955 0 0 0 1
-0.00717002 -3.77167e-06 0.999974 -67.3139 -0.00135065 -0.999999 -1.34562e-05 71.3655 0.999973 -0.00135071 0.00717001 -521.005 0 0 0 1
-0.0133664 0.115921 0.993169 -258.886 0.0204865 -0.993017 0.116179 28.8868 0.999701 0.0218994 0.0108982 -382.534 0 0 0 1
-0.00704127 7.88903e-05 0.999975 -67.2954 -0.00132109 -0.999999 6.95898e-05 71.365 0.999974 -0.00132057 0.00704137 -521.015 0 0 0 1
-0.0142392 0.119968 0.992676 -258.768 0.0200982 -0.992541 0.12024 28.8066 0.999697 0.0216632 0.0117219 -382.419 0 0 0 1
-0.00707524 4.75927e-05 0.999975 -67.2904 -0.0011172 -0.999999 3.96892e-05 71.3672 0.999974 -0.00111689 0.00707529 -521.018 0 0 0 1
-0.0165143 0.122978 0.992272 -258.787 0.0188662 -0.992192 0.123282 28.8602 0.999686 0.0207563 0.0140653 -382.403 0 0 0 1
-0.00713042 1.04605e-05 0.999975 -67.2866 -0.00133827 -0.999999 9.18144e-07 71.3734 0.999974 -0.00133823 0.00713042 -521.024 0 0 0 1
-0.0200344 0.124268 0.992046 -259.131 0.01903 -0.992018 0.124649 28.8606 0.999618 0.0213759 0.0175097 -382.23 0 0 0 1
-0.00717002 -2.27682e-06 0.999974 -67.2942 -0.00160509 -0.999999 -1.37857e-05 71.3706 0.999973 -0.00160515 0.00717001 -521.016 0 0 0 1
-0.0215196 0.127129 0.991653 -259.102 0.0179994 -0.991672 0.127522 28.8865 0.999606 0.0205934 0.0190522 -382.214 0 0 0 1
-0.00688847 0.000197167 0.999976 -67.2951 -0.00121038 -0.999999 0.000188834 71.371 0.999976 -0.00120905 0.00688871 -521.016 0 0 0 1
-0.0152391 0.134175 0.99084 -258.743 0.0192202 -0.990733 0.134456 28.8396 0.999699 0.0210931 0.012519 -381.881 0 0 0 1
-0.00723229 -5.14888e-05 0.999974 -67.2994 -0.00171962 -0.999999 -6.39272e-05 71.372 0.999972 -0.00172003 0.00723219 -521.013 0 0 0 1
-0.0167103 0.138446 0.990229 -258.681 0.0202379 -0.990118 0.138772 29.0413 0.999656 0.0223591 0.0137433 -381.895 0 0 0 1
-0.00697621 9.54171e-05 0.999976 -67.3002 -0.00133034 -0.999999 8.61384e-05 71.3708 0.999975 -0.0013297 0.00697633 -521.01 0 0 0 1
-0.0126259 0.150046 0.988598 -257.853 0.0175042 -0.988493 0.150253 29.025 0.999767 0.0192017 0.00985417 -382.487 0 0 0 1
-0.00704129 5.4763e-05 0.999975 -67.2924 -0.00136291 -0.999999 4.51674e-05 71.3698 0.999974 -0.00136256 0.00704136 -521.023 0 0 0 1
-0.0131658 0.154185 0.987954 -258.235 0.0214201 -0.98777 0.154442 29.0676 0.999684 0.0231954 0.00970211 -382.022 0 0 0 1
-0.00710782 -3.53993e-05 0.999975 -67.3093 -0.00146332 -0.999999 -4.58015e-05 71.366 0.999974 -0.00146361 0.00710776 -521.006 0 0 0 1
-0.014893 0.160049 0.986997 -258.041 0.019895 -0.986863 0.160327 29.118 0.999691 0.0220241 0.0115132 -381.994 0 0 0 1
-0.00716998 5.80511e-05 0.999974 -67.3108 -0.00150375 -0.999999 4.72704e-05 71.3695 0.999973 -0.00150337 0.00717005 -521.01 0 0 0 1
-0.0169309 0.166572 0.985884 -257.689 0.0181672 -0.985811 0.166872 29.0771 0.999692 0.020736 0.0136645 -382.055 0 0 0 1
-0.00725487 -5.0318e-06 0.999974 -67.3194 -0.00156211 -0.999999 -1.63651e-05 71.369 0.999972 -0.00156218 0.00725486 -521.007 0 0 0 1
-0.0121274 0.17247 0.98494 -257.222 0.017332 -0.984828 0.172663 29.0847 0.999776 0.0191649 0.00895417 -381.913 0 0 0 1
-0.00708798 2.44812e-05 0.999975 -67.3153 -0.00132723 -0.999999 1.50741e-05 71.3686 0.999974 -0.00132709 0.00708801 -521.01 0 0 0 1
-0.0135567 0.178627 0.983823 -256.974 0.0166078 -0.983738 0.17884 29.1297 0.99977 0.0187637 0.0103696 -381.897 0 0 0 1
-0.00708799 1.29446e-05 0.999975 -67.3187 -0.00134569 -0.999999 3.40643e-06 71.3637 0.999974 -0.00134563 0.007088 -521.007 0 0 0 1
-0.0181114 0.180074 0.983486 -257.734 0.0166743 -0.983456 0.180376 29.2166 0.999697 0.0196658 0.0148091 -381.569 0 0 0 1
-0.00703843 9.21558e-05 0.999975 -67.3039 -0.00134385 -0.999999 8.26992e-05 71.3719 0.999974 -0.00134323 0.00703855 -521.02 0 0 0 1
-0.0093843 0.183355 0.983002 -257.748 0.0199853 -0.982814 0.183511 29.2695 0.999756 0.0213677 0.00555862 -381.021 0 0 0 1
-0.00718703 -6.02809e-05 0.999974 -67.3023 -0.0013798 -0.999999 -7.01993e-05 71.375 0.999973 -0.00138027 0.00718694 -521.019 0 0 0 1
-0.017856 0.191407 0.981348 -257.296 0.0165218 -0.981314 0.191701 29.3682 0.999704 0.0196366 0.0143599 -381.564 0 0 0 1
-0.00715583 7.15257e-05 0.999974 -67.3001 -0.00138663 -0.999999 6.16047e-05 71.3747 0.999973 -0.00138616 0.00715592 -521.018 0 0 0 1
-0.0132113 0.195798 0.980555 -256.993 0.016922 -0.980457 0.196006 29.3633 0.99977 0.0191825 0.00963983 -381.421 0 0 0 1
-0.00710916 6.97031e-05 0.999975 -67.2985 -0.00129081 -0.999999 6.0528e-05 71.376 0.999974 -0.00129035 0.00710924 -521.02 0 0 0 1
-0.0104019 0.200526 0.979633 -256.716 0.0176043 -0.979498 0.200685 29.3481 0.999791 0.0193333 0.00665854 -381.192 0 0 0 1
-0.00714034 -3.58348e-05 0.999975 -67.3031 -0.00136754 -0.999999 -4.56007e-05 71.3707 0.999974 -0.00136784 0.00714029 -521.022 0 0 0 1
-0.0130781 0.20494 0.978687 -256.461 0.0183397 -0.978557 0.205158 29.4036 0.999746 0.0206319 0.00903912 -381.148 0 0 0 1
-0.00694791 0.000105827 0.999976 -67.2957 -0.00149895 -0.999999 9.54144e-05 71.3701 0.999975 -0.00149825 0.00694806 -521.025 0 0 0 1
-0.00866559 0.223989 0.974553 -255.909 0.0198748 -0.974359 0.224121 29.564 0.999765 0.0213112 0.00399165 -380.994 0 0 0 1
-0.0071318 4.70863e-05 0.999975 -67.2993 -0.0012733 -0.999999 3.80063e-05 71.3671 0.999974 -0.00127299 0.00713186 -521.02 0 0 0 1
-0.0100654 0.269186 0.963036 -255.077 0.0179355 -0.962881 0.26933 30.0161 0.999788 0.0199834 0.00486383 -380.732 0 0 0 1
-0.00706112 5.82101e-06 0.999975 -67.3102 -0.00139558 -0.999999 -4.03346e-06 71.3697 0.999974 -0.00139558 0.00706112 -521.019 0 0 0 1
-0.0142314 0.216485 0.976182 -256.482 0.0188421 -0.97605 0.216731 29.4979 0.999721 0.0214777 0.00981156 -381.18 0 0 0 1
-0.00707954 -4.18436e-05 0.999975 -67.2914 -0.00114162 -0.999999 -4.9927e-05 71.3749 0.999974 -0.00114195 0.00707948 -521.027 0 0 0 1
-0.00768578 0.225066 0.974313 -255.914 0.0199942 -0.974113 0.225177 29.5623 0.999771 0.0212113 0.0029868 -380.929 0 0 0 1
-0.00710356 -1.55989e-05 0.999975 -67.3042 -0.00134805 -0.999999 -2.51755e-05 71.3741 0.999974 -0.0013482 0.00710353 -521.016 0 0 0 1
-0.0108213 0.231529 0.972768 -255.553 0.0178143 -0.972626 0.231693 29.6538 0.999783 0.0198364 0.00640055 -381.167 0 0 0 1
-0.00706961 2.707e-06 0.999975 -67.3069 -0.00120748 -0.999999 -5.82956e-06 71.3761 0.999974 -0.00120749 0.0070696 -521.014 0 0 0 1
-0.0135525 0.235263 0.971837 -255.587 0.0169058 -0.971734 0.235473 29.7142 0.999765 0.0196209 0.00919211 -381.204 0 0 0 1
-0.00721098 6.20395e-05 0.999974 -67.2965 -0.00137728 -0.999999 5.21093e-05 71.379 0.999973 -0.00137687 0.00721106 -521.022 0 0 0 1
-0.0110969 0.238979 0.970961 -256.143 0.0201982 -0.970769 0.239163 29.7042 0.999734 0.0222656 0.00594557 -380.594 0 0 0 1
-0.00694225 0.000125734 0.999976 -67.3108 -0.00138848 -0.999999 0.000116098 71.3707 0.999975 -0.00138764 0.00694241 -521.012 0 0 0 1
-0.00929747 0.249313 0.968378 -255.255 0.0183883 -0.968214 0.249447 29.7841 0.999788 0.0201261 0.00441749 -380.97 0 0 0 1
-0.00720961 8.2023e-06 0.999974 -67.3014 -0.00124007 -0.999999 -7.38133e-07 71.3776 0.999973 -0.00124004 0.00720962 -521.026 0 0 0 1
-0.00889429 0.256129 0.966602 -254.857 0.0164284 -0.966472 0.256246 29.8909 0.999825 0.0181588 0.0043883 -381.08 0 0 0 1
-0.00718557 -6.14901e-06 0.999974 -67.3048 -0.00117687 -0.999999 -1.46058e-05 71.3692 0.999973 -0.00117694 0.00718556 -521.017 0 0 0 1
-0.00955514 0.258958 0.965841 -254.834 0.0143416 -0.96575 0.259076 29.9433 0.999851 0.0163272 0.005514 -381.121 0 0 0 1
-0.0070059 0.000120142 0.999975 -67.302 -0.00129913 -0.999999 0.000111043 71.3704 0.999975 -0.00129832 0.00700605 -521.02 0 0 0 1
-0.0118141 0.261817 0.965045 -254.733 0.0121059 -0.965004 0.261954 29.98 0.999857 0.0147775 0.00823115 -381.235 0 0 0 1
-0.00717283 3.1752e-05 0.999974 -67.2963 -0.00128841 -0.999999 2.2511e-05 71.3716 0.999973 -0.00128822 0.00717286 -521.029 0 0 0 1
-0.00741356 0.26555 0.964068 -254.792 0.0149112 -0.963958 0.265635 29.9874 0.999861 0.0163447 0.00318669 -380.996 0 0 0 1
-0.00716298 -6.39848e-05 0.999974 -67.3036 -0.00121417 -0.999999 -7.26838e-05 71.3701 0.999974 -0.00121466 0.0071629 -521.024 0 0 0 1
-0.00839355 0.265961 0.963947 -255.12 0.0184326 -0.963776 0.266074 29.9982 0.999795 0.0200014 0.00318714 -380.659 0 0 0 1
-0.00707948 5.04778e-05 0.999975 -67.295 -0.00124361 -0.999999 4.16747e-05 71.3751 0.999974 -0.00124328 0.00707954 -521.03 0 0 0 1
-0.0100654 0.269186 0.963036 -255.077 0.0179355 -0.962881 0.26933 30.0161 0.999788 0.0199834 0.00486383 -380.732 0 0 0 1
-0.00706112 5.82101e-06 0.999975 -67.3102 -0.00139558 -0.999999 -4.03346e-06 71.3697 0.999974 -0.00139558 0.00706112 -521.019 0 0 0 1
-0.0120225 0.273542 0.961785 -254.704 0.0153652 -0.96169 0.273707 30.1055 0.99981 0.0180687 0.00735885 -380.969 0 0 0 1
-0.00718703 -5.94428e-05 0.999974 -67.2941 -0.00150203 -0.999999 -7.02397e-05 71.3746 0.999973 -0.00150249 0.00718694 -521.029 0 0 0 1
-0.00818021 0.278509 0.960399 -254.394 0.0166251 -0.96026 0.278611 30.1224 0.999828 0.0182458 0.0032249 -380.872 0 0 0 1
-0.00702712 8.88793e-05 0.999975 -67.3005 -0.00139475 -0.999999 7.90801e-05 71.3791 0.999974 -0.00139416 0.00702724 -521.024 0 0 0 1
-0.00765765 0.281862 0.959424 -254.248 0.0174344 -0.959269 0.281956 30.0975 0.999819 0.0188861 0.00243163 -380.698 0 0 0 1
-0.00706389 9.88655e-05 0.999975 -67.3015 -0.00127998 -0.999999 8.9826e-05 71.3771 0.999974 -0.00127932 0.00706401 -521.023 0 0 0 1
-0.00888362 0.284639 0.958594 -254.196 0.0185751 -0.958419 0.284759 30.0942 0.999788 0.0203357 0.00322703 -380.498 0 0 0 1
-0.00712469 9.24018e-05 0.999975 -67.305 -0.00156734 -0.999999 8.1237e-05 71.3793 0.999973 -0.00156672 0.00712483 -521.015 0 0 0 1
-0.0123159 0.284111 0.958712 -254.824 0.0195753 -0.958533 0.28431 30.1094 0.999733 0.0222686 0.00624368 -380.39 0 0 0 1
-0.00718699 -4.33324e-06 0.999974 -67.3145 -0.00138165 -0.999999 -1.42635e-05 71.3723 0.999973 -0.00138172 0.00718698 -521.016 0 0 0 1
-0.00853213 0.286512 0.958039 -254.713 0.0207377 -0.957817 0.28663 30.1268 0.999749 0.0223131 0.00223063 -380.288 0 0 0 1
-0.00710495 3.02042e-05 0.999975 -67.3099 -0.00135506 -0.999999 2.05771e-05 71.3736 0.999974 -0.00135488 0.00710498 -521.023 0 0 0 1
-0.00926528 0.288562 0.957417 -254.588 0.0200144 -0.957212 0.288694 30.1334 0.999757 0.0218369 0.00309346 -380.374 0 0 0 1
-0.00716999 3.90155e-05 0.999974 -67.3113 -0.00141639 -0.999999 2.88607e-05 71.3762 0.999973 -0.00141615 0.00717004 -521.016 0 0 0 1
-0.00931647 0.315558 0.948861 -253.647 0.0167464 -0.94872 0.315675 30.4049 0.999816 0.018831 0.00355426 -380.284 0 0 0 1
-0.00703281 3.94411e-05 0.999975 -67.3204 -0.00129158 -0.999999 3.03584e-05 71.3747 0.999974 -0.00129133 0.00703286 -521.013 0 0 0 1
-0.00745407 0.351445 0.936179 -252.288 0.017015 -0.936025 0.351523 30.7703 0.999827 0.0185494 0.000997348 -380.424 0 0 0 1
-0.00712192 1.82521e-05 0.999975 -67.3058 -0.00147869 -0.999999 7.72116e-06 71.3736 0.999974 -0.0014786 0.00712194 -521.028 0 0 0 1
-0.00181477 0.304889 0.952386 -253.557 0.0207392 -0.952171 0.30486 30.3082 0.999783 0.020305 -0.00459519 -380.289 0 0 0 1
-0.00716861 -1.13615e-05 0.999974 -67.3186 -0.00148666 -0.999999 -2.20193e-05 71.3765 0.999973 -0.00148677 0.00716858 -521.013 0 0 0 1
-0.00742475 0.310179 0.950649 -253.293 0.0171793 -0.950496 0.310263 30.4042 0.999825 0.0186351 0.00172855 -380.417 0 0 0 1
-0.00701015 0.000109185 0.999975 -67.3186 -0.00117569 -0.999999 0.000100946 71.3714 0.999975 -0.00117495 0.00701027 -521.013 0 0 0 1
-0.0062362 0.314266 0.949314 -253.129 0.0166261 -0.949169 0.314327 30.3796 0.999842 0.0177436 0.000694166 -380.547 0 0 0 1
-0.00713893 -2.76484e-05 0.999975 -67.3217 -0.00153334 -0.999999 -3.85958e-05 71.3766 0.999973 -0.00153358 0.00713888 -521.019 0 0 0 1
-0.00931323 0.316668 0.948491 -253.602 0.0163964 -0.948356 0.316784 30.4213 0.999822 0.0185021 0.00364005 -380.319 0 0 0 1
-0.00707099 5.02454e-05 0.999975 -67.3149 -0.00155098 -0.999999 3.92794e-05 71.3796 0.999974 -0.00155066 0.00707106 -521.026 0 0 0 1
-0.0101435 0.321104 0.946989 -253.497 0.0173517 -0.946839 0.321239 30.4271 0.999798 0.0196903 0.00403257 -380.364 0 0 0 1
-0.00710064 0.000117012 0.999975 -67.312 -0.00143724 -0.999999 0.000106809 71.3686 0.999974 -0.00143645 0.0071008 -521.022 0 0 0 1
-0.00939863 0.323786 0.946084 -253.454 0.0176675 -0.945924 0.323906 30.4753 0.9998 0.0197592 0.00316992 -380.203 0 0 0 1
-0.00725206 -2.40701e-05 0.999974 -67.3159 -0.00139876 -0.999999 -3.42149e-05 71.3699 0.999973 -0.00139898 0.00725202 -521.021 0 0 0 1
-0.00192776 0.329634 0.944107 -252.959 0.020369 -0.9439 0.329603 30.5819 0.999791 0.0198659 -0.0048947 -379.917 0 0 0 1
-0.00713749 -2.13033e-06 0.999975 -67.3152 -0.00131306 -0.999999 -1.15026e-05 71.3729 0.999974 -0.00131311 0.00713748 -521.02 0 0 0 1
-0.00517672 0.334156 0.942504 -252.735 0.0187793 -0.942318 0.334193 30.6732 0.99981 0.0194296 -0.00139709 -380.141 0 0 0 1
-0.00707098 6.25746e-05 0.999975 -67.3045 -0.00153548 -0.999999 5.17185e-05 71.3779 0.999974 -0.00153507 0.00707107 -521.029 0 0 0 1
-0.011572 0.336133 0.941744 -252.995 0.017074 -0.941603 0.336292 30.6793 0.999787 0.0199709 0.00515713 -380.314 0 0 0 1
-0.00714457 -6.77883e-06 0.999974 -67.3054 -0.00154808 -0.999999 -1.78396e-05 71.3859 0.999973 -0.00154817 0.00714455 -521.033 0 0 0 1
-0.00758588 0.340866 0.940081 -252.821 0.0174546 -0.93992 0.340949 30.6701 0.999819 0.0189951 0.00118044 -380.267 0 0 0 1
-0.00704413 3.5324e-05 0.999975 -67.3083 -0.00151263 -0.999999 2.46694e-05 71.3819 0.999974 -0.00151241 0.00704417 -521.03 0 0 0 1
-0.00499853 0.343692 0.939069 -252.958 0.0207514 -0.938843 0.34372 30.6961 0.999772 0.0212051 -0.00243926 -379.894 0 0 0 1
-0.00722378 -4.79858e-05 0.999974 -67.3047 -0.00109992 -0.999999 -5.59328e-05 71.3752 0.999973 -0.0011003 0.00722373 -521.031 0 0 0 1
-0.00703118 0.348411 0.937315 -252.592 0.0179128 -0.937144 0.348482 30.6897 0.999815 0.0192402 0.000348203 -380.297 0 0 0 1
-0.00710209 6.63396e-05 0.999975 -67.3059 -0.00134329 -0.999999 5.68008e-05 71.3753 0.999974 -0.00134285 0.00710218 -521.025 0 0 0 1
-0.00462578 0.358137 0.933657 -251.628 0.0163155 -0.933516 0.358164 30.9456 0.999856 0.0168899 -0.00152494 -380.643 0 0 0 1
-0.00708232 3.78711e-05 0.999975 -67.306 -0.00118025 -0.999999 2.95129e-05 71.3742 0.999974 -0.00118001 0.00708236 -521.026 0 0 0 1
-0.0102995 0.36062 0.932656 -251.803 0.0147566 -0.932549 0.360741 30.9162 0.999838 0.0174783 0.00428324 -380.826 0 0 0 1
-0.00700873 0.000115152 0.999975 -67.3179 -0.00126555 -0.999999 0.000106284 71.3701 0.999975 -0.00126478 0.00700887 -521.009 0 0 0 1
-0.0120249 0.364018 0.931314 -251.736 0.0133353 -0.931241 0.364161 30.9797 0.999839 0.0167984 0.0063438 -380.83 0 0 0 1
-0.00713047 -6.95414e-05 0.999975 -67.3138 -0.00141283 -0.999999 -7.96175e-05 71.3769 0.999974 -0.00141336 0.00713037 -521.018 0 0 0 1
-0.00762234 0.364652 0.931113 -252.192 0.0170794 -0.930956 0.36473 30.9826 0.999825 0.018683 0.000868027 -380.275 0 0 0 1
-0.00717564 4.24027e-05 0.999974 -67.3173 -0.00146263 -0.999999 3.19081e-05 71.3716 0.999973 -0.00146237 0.0071757 -521.013 0 0 0 1
-0.00460556 0.365503 0.930799 -252.412 0.0206694 -0.930575 0.365518 30.9842 0.999776 0.0209225 -0.00326891 -379.827 0 0 0 1
-0.00725771 -1.37573e-05 0.999974 -67.306 -0.00133587 -0.999999 -2.34533e-05 71.3722 0.999973 -0.00133601 0.00725768 -521.017 0 0 0 1
-0.0111782 0.2909 0.956688 -254.485 0.0188955 -0.956516 0.291068 30.081 0.999759 0.0213307 0.00519546 -380.44 0 0 0 1
-0.0070356 0.000114923 0.999975 -67.319 -0.00124226 -0.999999 0.000106185 71.3733 0.999974 -0.00124148 0.00703573 -521.007 0 0 0 1
-0.00578644 0.376943 0.926218 -251.668 0.0186463 -0.926032 0.376984 31.0288 0.999809 0.019452 -0.00167018 -380.078 0 0 0 1
-0.00704415 6.0239e-06 0.999975 -67.3089 -0.00136059 -0.999999 -3.56036e-06 71.3705 0.999974 -0.00136058 0.00704415 -521.02 0 0 0 1
-0.00466059 0.382763 0.923835 -251.295 0.0170601 -0.92368 0.382785 31.1701 0.999844 0.0175447 -0.00222508 -380.235 0 0 0 1
-0.00705264 -3.39321e-06 0.999975 -67.3193 -0.00135653 -0.999999 -1.29606e-05 71.3721 0.999974 -0.00135659 0.00705263 -521.012 0 0 0 1
